1,0.804021081565718,0.810159534182382,0.825765067415818,0.71906435965371,0.691563206018125,0.878001196335084,0.753545410590294,0.677693446310929,0.77433937792919,0.723648822500984,0.381069755705015,0.853019916244993,0.780588310669441,0.724048661440538,0.832450001297951,0.770498315983029,0.846006176621896,0.841133444642459,0.851731818886175,0.965564225553066,0.895470513992754,0.671574178562083,0.812813883176441,0.668072244616343,0.859632160229644,0.771795147010921
0.804021081565718,1,0.802317900547024,0.880280524144371,0.759964310173762,0.601663396392688,0.794483188218858,0.871808939643177,0.574669889199832,0.846265320791952,0.766657018880669,0.37761247718847,0.832874088938298,0.71803830128144,0.341570846482763,0.798221616997912,0.65178493847106,0.56146764725212,0.743480136977506,0.723168841389456,0.843948697752636,0.789897528720801,0.664638113064899,0.895389264404388,0.379761907876602,0.802295080510158,0.679808796629457
0.810159534182382,0.802317900547024,1,0.851129973701991,0.801221313545128,0.663555472344027,0.783335121140307,0.869485303914129,0.707796189399585,0.864841694153011,0.724174192373738,0.431205980806177,0.849000655672945,0.670236299591713,0.685380964507033,0.769813234674433,0.770124209771153,0.664127814383367,0.784404439813302,0.778798982672953,0.826750787375017,0.814097624389037,0.647186812308495,0.878498261294564,0.61130436321804,0.791444717725914,0.863086460362919
0.825765067415818,0.880280524144371,0.851129973701991,1,0.761546523080361,0.618810017133837,0.880162231582141,0.81648037111886,0.767916302486627,0.82243652482082,0.75446590382146,0.441064456001664,0.800984413141792,0.744626680189977,0.708255789822669,0.839772444392366,0.726094348810152,0.843973313994205,0.797223374344914,0.808302407115056,0.84324776030922,0.793495747591991,0.792343257486896,0.871529598890582,0.844516828978143,0.864789824183638,0.796859287799728
0.71906435965371,0.759964310173762,0.801221313545128,0.761546523080361,1,0.594543319156776,0.663414485087744,0.908264347219476,0.637268598606475,0.860653271936855,0.697917426923458,0.345636973780747,0.689341768237783,0.611400199999922,0.391753283786767,0.679528442822068,0.642265226961876,0.619324259192932,0.768062820829643,0.763644330394733,0.761482073161586,0.710534858270269,0.673307543474371,0.86514167457036,0.411759245165129,0.782203320668178,0.750744415432213
0.691563206018125,0.601663396392688,0.663555472344027,0.618810017133837,0.594543319156776,1,0.718800127972822,0.616701956235397,0.478427341292058,0.632021346832942,0.510544633803918,0.316026279712283,0.730122661492809,0.607938847561154,0.264258369365788,0.614796322296208,0.698469486981472,0.616881733198996,0.643548468670676,0.646717367504952,0.717479421861455,0.739761309658125,0.543243564129074,0.639821665517343,0.26726946711717,0.65962632335561,0.586459235238537
0.878001196335084,0.794483188218858,0.783335121140307,0.880162231582141,0.663414485087744,0.718800127972822,1,0.724101118834657,0.672283042970867,0.765323110045435,0.732588815565674,0.74550455761446,0.801391247337927,0.791753496350877,0.744044670990871,0.828172863277327,0.71884899141718,0.943884741190361,0.998754371362045,0.864161579211442,0.901494965834793,0.894241912857481,0.855409543289037,0.779097637963706,0.785872291262942,0.940303824976985,0.754208267927641
0.753545410590294,0.871808939643177,0.869485303914129,0.81648037111886,0.908264347219476,0.616701956235397,0.724101118834657,1,0.677936703630295,0.916803073562384,0.758906010422365,0.349163823825014,0.751615043348505,0.683502436098464,0.408817864062737,0.764286197990951,0.676473448283164,0.668738229090138,0.796736093845503,0.800123844161006,0.797273976937901,0.740176722528738,0.687709988619441,0.913471830060587,0.444327925987225,0.792108350488228,0.771840660465115
0.677693446310929,0.574669889199832,0.707796189399585,0.767916302486627,0.637268598606475,0.478427341292058,0.672283042970867,0.677936703630295,1,0.634099798343268,0.630737966112377,0.320638570679119,0.753103801228851,0.585309908381588,0.274237454130989,0.663773845677871,0.497962553229996,0.415104233488778,0.653932546714397,0.573987236270021,0.766436864044344,0.68582439671218,0.658887214416236,0.674313112054057,0.305924887191238,0.786894993833695,0.5898348060925
0.77433937792919,0.846265320791952,0.864841694153011,0.82243652482082,0.860653271936855,0.632021346832942,0.765323110045435,0.916803073562384,0.634099798343268,1,0.753138229527506,0.365210536359029,0.78692514899988,0.704881814201449,0.382956146999025,0.781666578449186,0.683948137797656,0.6531968954096,0.787188539430671,0.774413708748935,0.808546763595789,0.762822611040892,0.653654626113348,0.893775682630022,0.414834216994296,0.778485582053337,0.747166409565348
0.723648822500984,0.766657018880669,0.724174192373738,0.75446590382146,0.697917426923458,0.510544633803918,0.732588815565674,0.758906010422365,0.630737966112377,0.753138229527506,1,0.330146996821058,0.701324367080118,0.788851457428305,0.753307267765223,0.835930122507453,0.591433374781089,0.778888749156655,0.734406068794363,0.743917180721324,0.767265186596086,0.683347121080374,0.673023634723954,0.758280030242638,0.672617321347866,0.760967688248224,0.700325061213013
0.381069755705015,0.37761247718847,0.431205980806177,0.441064456001664,0.345636973780747,0.316026279712283,0.74550455761446,0.349163823825014,0.320638570679119,0.365210536359029,0.330146996821058,1,0.38978254420965,0.670911421747869,0.298844769568388,0.730673666374993,0.414590730818208,0.742761951906121,0.359386293007587,0.347746796185393,0.392107975183775,0.388500686639506,0.349189026390709,0.383117364349034,0.384897930226253,0.367055447192257,0.380967211328864
0.853019916244993,0.832874088938298,0.849000655672945,0.800984413141792,0.689341768237783,0.730122661492809,0.801391247337927,0.751615043348505,0.753103801228851,0.78692514899988,0.701324367080118,0.38978254420965,1,0.673301262217108,0.651945657812471,0.767805723131878,0.847528851028712,0.766695086069736,0.746090407164242,0.748400804257518,0.845893343662243,0.860151901049348,0.569101921971648,0.798507553450212,0.770587098385052,0.717522701753112,0.769841427114806
0.780588310669441,0.71803830128144,0.670236299591713,0.744626680189977,0.611400199999922,0.607938847561154,0.791753496350877,0.683502436098464,0.585309908381588,0.704881814201449,0.788851457428305,0.670911421747869,0.673301262217108,1,0.734727033640528,0.891848027723593,0.634073352371254,0.777027122792794,0.773317320282102,0.791026525404377,0.804735606551767,0.757165088455991,0.768225034731013,0.688194839455793,0.739125252421574,0.763914865489675,0.63427112414923
0.724048661440538,0.341570846482763,0.685380964507033,0.708255789822669,0.391753283786767,0.264258369365788,0.744044670990871,0.408817864062737,0.274237454130989,0.382956146999025,0.753307267765223,0.298844769568388,0.651945657812471,0.734727033640528,1,0.790791740695786,0.28756979196997,0.272993138620237,0.833703118828056,0.432246544735598,0.805749430300676,0.699150690730038,0.704720036140924,0.401261257007039,0.208438717893635,0.855546545512501,0.328567630467555
0.832450001297951,0.798221616997912,0.769813234674433,0.839772444392366,0.679528442822068,0.614796322296208,0.828172863277327,0.764286197990951,0.663773845677871,0.781666578449186,0.835930122507453,0.730673666374993,0.767805723131878,0.891848027723593,0.790791740695786,1,0.721664953837923,0.838448853171239,0.802434850051688,0.832230782228699,0.850387067231842,0.79686405697331,0.815867231517805,0.772915553538428,0.830846106735433,0.817189757616832,0.702067496515097
0.770498315983029,0.65178493847106,0.770124209771153,0.726094348810152,0.642265226961876,0.698469486981472,0.71884899141718,0.676473448283164,0.497962553229996,0.683948137797656,0.591433374781089,0.414590730818208,0.847528851028712,0.634073352371254,0.28756979196997,0.721664953837923,1,0.525970407606349,0.693718161215446,0.662814361825637,0.803264481167255,0.754836470925276,0.5053265926343,0.71837982282901,0.294851979140218,0.728777044932707,0.619519213822151
0.846006176621896,0.56146764725212,0.664127814383367,0.843973313994205,0.619324259192932,0.616881733198996,0.943884741190361,0.668738229090138,0.415104233488778,0.6531968954096,0.778888749156655,0.742761951906121,0.766695086069736,0.777027122792794,0.272993138620237,0.838448853171239,0.525970407606349,1,0.931706651463305,0.706498827762182,0.846313797635858,0.846227895388774,0.861354277434535,0.69019407204001,0.281955819905762,0.925188712476372,0.531663102020411
0.841133444642459,0.743480136977506,0.784404439813302,0.797223374344914,0.768062820829643,0.643548468670676,0.998754371362045,0.796736093845503,0.653932546714397,0.787188539430671,0.734406068794363,0.359386293007587,0.746090407164242,0.773317320282102,0.833703118828056,0.802434850051688,0.693718161215446,0.931706651463305,1,0.913876953546025,0.881697987387483,0.838871111392709,0.73551759964494,0.820028130919874,0.645956907904084,0.912769426751609,0.78326732727312
0.851731818886175,0.723168841389456,0.778798982672953,0.808302407115056,0.763644330394733,0.646717367504952,0.864161579211442,0.800123844161006,0.573987236270021,0.774413708748935,0.743917180721324,0.347746796185393,0.748400804257518,0.791026525404377,0.432246544735598,0.832230782228699,0.662814361825637,0.706498827762182,0.913876953546025,1,0.885371674856678,0.827578744194644,0.747799568219914,0.817621662500996,0.432553107092633,0.912144360356651,0.683436026908653
0.965564225553066,0.843948697752636,0.826750787375017,0.84324776030922,0.761482073161586,0.717479421861455,0.901494965834793,0.797273976937901,0.766436864044344,0.808546763595789,0.767265186596086,0.392107975183775,0.845893343662243,0.804735606551767,0.805749430300676,0.850387067231842,0.803264481167255,0.846313797635858,0.881697987387483,0.885371674856678,1,0.911456699193527,0.689077375094029,0.852020449413069,0.800691887288394,0.891370283384933,0.792739613826554
0.895470513992754,0.789897528720801,0.814097624389037,0.793495747591991,0.710534858270269,0.739761309658125,0.894241912857481,0.740176722528738,0.68582439671218,0.762822611040892,0.683347121080374,0.388500686639506,0.860151901049348,0.757165088455991,0.699150690730038,0.79686405697331,0.754836470925276,0.846227895388774,0.838871111392709,0.827578744194644,0.911456699193527,1,0.65329651161858,0.778509560115819,0.700742404532468,0.831640063081183,0.77947884610172
0.671574178562083,0.664638113064899,0.647186812308495,0.792343257486896,0.673307543474371,0.543243564129074,0.855409543289037,0.687709988619441,0.658887214416236,0.653654626113348,0.673023634723954,0.349189026390709,0.569101921971648,0.768225034731013,0.704720036140924,0.815867231517805,0.5053265926343,0.861354277434535,0.73551759964494,0.747799568219914,0.689077375094029,0.65329651161858,1,0.747404498500624,0.643578946157979,0.858972980271355,0.675618334261352
0.812813883176441,0.895389264404388,0.878498261294564,0.871529598890582,0.86514167457036,0.639821665517343,0.779097637963706,0.913471830060587,0.674313112054057,0.893775682630022,0.758280030242638,0.383117364349034,0.798507553450212,0.688194839455793,0.401261257007039,0.772915553538428,0.71837982282901,0.69019407204001,0.820028130919874,0.817621662500996,0.852020449413069,0.778509560115819,0.747404498500624,1,0.465006808619732,0.825223263849611,0.774209082245751
0.668072244616343,0.379761907876602,0.61130436321804,0.844516828978143,0.411759245165129,0.26726946711717,0.785872291262942,0.444327925987225,0.305924887191238,0.414834216994296,0.672617321347866,0.384897930226253,0.770587098385052,0.739125252421574,0.208438717893635,0.830846106735433,0.294851979140218,0.281955819905762,0.645956907904084,0.432553107092633,0.800691887288394,0.700742404532468,0.643578946157979,0.465006808619732,1,0.7863149737885,0.37041343652796
0.859632160229644,0.802295080510158,0.791444717725914,0.864789824183638,0.782203320668178,0.65962632335561,0.940303824976985,0.792108350488228,0.786894993833695,0.778485582053337,0.760967688248224,0.367055447192257,0.717522701753112,0.763914865489675,0.855546545512501,0.817189757616832,0.728777044932707,0.925188712476372,0.912769426751609,0.912144360356651,0.891370283384933,0.831640063081183,0.858972980271355,0.825223263849611,0.7863149737885,1,0.815307572830081
0.771795147010921,0.679808796629457,0.863086460362919,0.796859287799728,0.750744415432213,0.586459235238537,0.754208267927641,0.771840660465115,0.5898348060925,0.747166409565348,0.700325061213013,0.380967211328864,0.769841427114806,0.63427112414923,0.328567630467555,0.702067496515097,0.619519213822151,0.531663102020411,0.78326732727312,0.683436026908653,0.792739613826554,0.77947884610172,0.675618334261352,0.774209082245751,0.37041343652796,0.815307572830081,1
